1066500 909572 886240 875190 903368 891642 911522 892720 881232 950350
877958 877410 904130 865830 885368 904110 884670 917562 895562 875718
954120 881402 895030 899360 880642 892148 898368 874008 902368 864360
630582 349252 347788 373520 348690 348528 350906 351660 341296 345742
356624 346902 348548 344308 342974 349014 343618 349736 345464 342914
348824 350418 349298 345144 355230 346358 348154 343232 352864 343102
343428 373552 346912 356156 349506 340742 347096 345344 346768 355132
353046 347442 344100 343938 349460 345742 364762 343830 344538 348972
349290 347990 341732 358836 349056 352710 339976 351588 347974 357668
355062 342500 344648 343286 344562 343912 342294 352536 351626 350188
349316 346848 344962 345194 350334 348852 342284 348344 339770 338130
342398 364332 346794 343024 348600 343262 345584 342354 371956 349546
348744 343176 345556 345838 352194 364436 347716 392928 346694 350284
349158 349986 357592 347574 347576 346730 352874 346282 348698 360358
353648 348128 347822 348144 353280 346248 362484 343478 343230 351908
349076 351688 345336 353726 341450 346096 346836 346720 349334 349420
357088 345852 347494 346142 343026 347528 345250 345290 358756 351330
346058 352580 348328 347748 358472 350900 345886 345886 350792 342220
348042 351278 357616 345900 348730 351272 350546 349994 346200 357712
348412 343698 346476 346404 350280 345934 349202 346918 388164 345406
341552 341698 359976 359150 348890 343452 345646 345746 343724 350300
363416 344208 342592 343284 346062 345524 338388 356408 341724 343892
353114 350680 347722 349318 362584 346958 351210 351410 352968 349090
353444 363494 345796 349186 346374 347384 351174 352318 362944 344984
342154 341352 346902 348600 345912 361664 343406 341364 352330 349630
345776 344988 357720 346376 346248 349708 349946 345746 349596 373390
349678 343682 344532 345678 342022 344314 359478 348474 347270 346824
350382 350004 350092 361514 346590 344926 386226 349910 353170 356158
373624 357594 350596 345526 353426 348004 346422 365740 346574 349798
351302 344696 347952 353324 350098 344922 346520 352496 346982 343900
349424 353508 351870 346100 348860 351038 349158 343744 346968 350440
352168 337966 348832 350582 341844 356076 353292 343774 346678 356748
346062 353292 345556 359486 340222 345964 347500 344036 344928 346276
362180 344952 349380 350614 357892 348894 354032 359756 350748 351064
352008 341070 345046 356752 358788 384012 344728 348324 340580 344184
343858 355552 343730 345500 349760 342316 338888 345584 360100 346464
346532 344370 350184 345464 345670 362314 344248 348922 350072 349028
349166 346908 366844 351020 341102 349204 346898 338464 341504 358396
351988 347952 340986 343214 343930 350440 357374 340554 347832 347754
344462 348470 346210 363354 344684 346308 344120 345004 348214 339886
363706 348706 346460 349824 349266 348600 344370 350028 353404 348944
345624 340522 356528 343354 344532 354770 375414 345578 347920 345596
352882 351706 360770 350192 348214 346706 344992 346434 357576 353036
342116 345970 351672 351672 348580 350010 353896 346336 348932 348234
346374 346396 353926 359996 344012 345926 341392 352852 354190 348568
359126 344474 344098 350110 353874 340740 351730 353010 354960 356008
345956 348748 348344 341610 349682 340360 344970 350990 347728 343940
347180 351276 344710 347126 339982 348064 348136 346680 369116 345568
345606 345728 354770 349304 347164 358908 344112 346734 386916 344452
341330 342330 361554 348188 349214 351716 350004 342842 346510 357924
