16711380 10006526 6344646 6365558 6333838 6366842 6396562 6343884 6343178 6357192 
6397300 6347786 6353144 6351246 6398974 6330022 6350958 6345110 6387110 6346772 
6364444 6344122 6379020 6344832 6346796 6370040 6332806 6366986 6382270 6343584 
6354484 6351428 6393168 6353834 6356606 6340678 6394694 6334470 6359304 6350432 
6347242 6388360 6351704 6006868 4238348 4315808 4168042 4184018 4182514 4188262 
4196460 4168290 4170772 4162302 4169248 4168278 4339160 4251186 4164632 4167890 
4179844 4170872 4194496 4173908 4170796 4162302 4170666 4171254 4207206 4166080 
4173094 4173604 4167042 4171964 4196148 4174986 4164056 4160850 4179482 4174644 
4200914 4172474 4178418 4158546 4167942 4181200 4195444 4171376 4168060 4157924 
4173328 4167018 4199620 4171250 4248484 4299884 4160842 4172860 4202498 4169310 
4170498 4167284 4166068 4168472 4175300 4161096 4175678 4172204 4160034 4178620 
4165608 4168632 4167082 4167150 4171008 4169850 4172484 4162406 4179774 4168804 
4157666 4174938 4165312 4312060 4238518 4168596 4166868 4176754 4176478 4160746 
4177212 4174180 4159660 4391484 4168010 4176228 4159716 4174020 4174030 4161470 
4175258 4173666 4165588 4167264 4167746 4166262 4166994 4175896 4159758 4183448 
4171786 4158932 4181974 4166090 4168048 4172108 4166898 4164362 4164246 4173228 
4167108 4171376 4181916 4167174 4174272 4174096 4163728 4166220 4168382 4168452 
4172640 4174172 4159454 4173356 4169904 4164278 4181350 4165412 4165172 4164730 
4169802 4167850 4167232 4178624 4159612 4172334 4178602 4159488 4170938 4165482 
4165990 4171088 4167020 4167734 4170432 4171976 4158986 4183704 4173492 4161996 
4171478 4169198 4165592 4166560 4169674 4174552 4173300 4175036 4163258 4172008 
4167906 4159120 4178468 4168306 4167554 4175034 4177662 4172218 4174138 4183118 
4158316 4171502 4169782 4159882 4178556 4170118 4171338 4169414 4172796 4163182 
4171060 4171418 4160620 4172116 4170652 4159334 4178054 4174154 4167426 4171344 
4176898 4159070 4167714 4178232 4161094 4172960 4165602 4161814 4178954 4169892 
4169656 4170658 4172742 4161350 4168620 4179688 4159974 4173062 4175648 4159066 
4174732 4174818 4166334 4168086 4172030 4159736 4168640 4173074 4160108 4182114 
4170484 4167276 4167288 4175184 4171982 4159742 4176010 4174020 4160616 4179868 
4178070 4167168 4170802 4170344 4171646 4173706 4173010 4159324 4170798 4166150 
4164798 4182648 4166390 4167612 4178238 4165850 4167302 4165508 4178386 4162540 
4174324 4178308 4160760 4172934 4182966 4166932 4169788 4166636 4165862 4165400 
4174894 4159038 4177096 4170844 4161474 4175400 4169016 4165802 4163686 4165868 
4169448 4167026 4173630 4163264 4173188 4170998 4166688 4176936 4167488 4168476 
4167198 4167336 4165294 4165644 4179876 4164584 4177340 4171984 4159140 4243296 
4169910 4161960 4172632 4166050 4163730 4172890 4172434 4162396 4184018 4170672 
4161956 4375952 4164356 4166458 4170350 4177960 4165728 4167538 4177742 4164826 
4177924 4169192 4165810 4172834 4164092 4176010 4167466 4173000 4163788 4159906 
4177140 4162494 4165476 4168886 4167068 4166344 4166346 4180872 4158942 4179756 
4170192 4165784 4172186 4164674 4164340 4173282 4165240 4166082 4168356 4174230 
4164150 4177100 4170328 4158810 4171100 4164052 4165140 4169298 4172790 4172276 
4165346 4180976 4165508 4178580 4170978 4163290 4180562 4168308 4166518 4178628 
4169152 4165322 4178176 4175764 4162642 4171956 4168132 4160964 4172634 4165854 
4173042 4168190 4167028 4171812 4173846 4171324 4163308 4171210 4170098 4163006 
4173762 4171534 4170938 4169998 4169856 4171006 4167732 4173410 4161892 4174214 
4169688 4160690 4179160 4167134 4237448 4165962 4171476 4165278 4167724 4178456 
4160980 4172708 4166640 4158612 4174554 4165828 4167528 4170126 4174322 4160022 
4167848 4179028 4159388 4172638 4171458 4161634 4178320 4167162 4164604 4166292 
4170832 4162962 4170344 4174444 4159554 4171308 4166548 4159586 4196452 4169008 
4171212 4162086 4165806 4156258 4161062 4172758 4153498 4166688 4162216 4155242 
4168570 4160622 4160676 4164562 4167874 4153536 4160506 4169926 4156152 4165036 
